001
6
643 229 17 30
660 229 17 30
677 229 16 31
694 229 16 31
714 230 18 30
732 230 16 30
002
6
118 528 30 66
150 528 28 67
188 529 28 68
218 531 30 66
248 532 31 65
280 533 30 66
004
7
528 418 41 79
557 417 52 81
609 418 39 80
654 419 45 79
696 420 42 78
739 420 45 82
782 420 48 86
020
6
515 239 16 29
531 239 16 29
547 240 17 29
564 240 17 29
587 241 16 29
603 242 17 28
020_roi
6
93 17 17 30
111 19 16 28
127 19 16 29
144 19 16 29
166 21 16 28
182 21 17 28
aaa
5
221 258 14 29
231 255 16 30
245 253 9 29
255 251 13 28
274 247 13 28
ppp
7
287 310 19 37
307 311 17 35
325 310 19 37
350 308 18 38
369 307 20 38
389 307 19 38
409 307 19 39
sss
7
339 265 13 27
351 264 11 27
361 262 13 28
375 262 11 27
386 261 10 27
397 260 10 25
407 259 10 26
sss_roi
7
8 21 13 27
20 20 11 27
30 19 13 27
44 18 11 26
55 17 10 26
66 16 10 26
76 15 10 26
